,Parcela 0,Parcela 1,Parcela 2,Parcela 3,Parcela 4,Parcela 5,Parcela 6,Parcela 7,Parcela 8,Parcela 9,Parcela 10,Parcela 11,Parcela 12,Parcela 13,Parcela 14,Parcela 15,Parcela 16,Parcela 17,Parcela 18,Parcela 19,Parcela 20,Parcela 21,Parcela 22,Parcela 23,Parcela 24,Parcela 25,Parcela 26,Parcela 27,Parcela 28,Parcela 29,Parcela 30,Parcela 31,Parcela 32,Parcela 33,Parcela 34,Parcela 35
Parcela 0,0,356.2267978,8035.147436,2603.512691,2261.49095,5321.948549,5547.897188,8220.920602,7855.745185,1424.880063,9899.715334,355.8622454,10971.60444,3808.430449,4979.769878,7360.008687,2896.72897,2931.539527,10298.86144,6272.295697,4932.677958,1528.673633,7658.033444,3628.540533,2397.350924,1393.378945,3179.679444,2973.267222,3948.222045,4062.357412,2849.580764,2488.239088,3560.192837,3800.751331,2753.343362,1032.874204
Parcela 1,356.2267978,0,7689.089702,2942.92947,1919.286433,5004.321919,5899.097797,7867.515159,7503.288294,1780.340435,10255.26395,467.6174286,11327.44808,3452.676314,5333.893502,7715.884672,2973.303841,2975.2343,10652.49653,6595.009428,4578.70624,1288.156262,8011.972275,3983.156729,2586.949828,1747.955561,2980.11101,2803.21158,3593.91475,3707.490994,3205.787642,2402.372899,3913.794744,4147.704414,3109.336803,1380.513623
Parcela 2,8035.147436,7689.089702,0,10330.96551,6136.914045,3070.436878,13576.99461,920.6880266,751.6986122,9444.392177,17869.76822,7912.690455,18925.66089,4348.691064,12992.17132,15326.77766,8328.422194,8070.007722,18305.99332,13493.41374,3772.708169,6738.566236,15665.79974,11524.82244,8967.3155,9359.469804,5951.472876,6294.481975,4157.08274,4064.83446,10832.52434,7066.128139,11434.69687,11548.80525,10712.46438,9067.824847
Parcela 3,2603.512691,2942.92947,10330.96551,0,4862.05308,7398.853374,3497.727362,10624.22322,10244.26227,1407.264706,7558.601155,2560.055167,8602.883716,6302.052776,2851.052032,5027.282895,2851.379607,3090.09775,8036.673118,3700.94693,7494.96191,3598.333931,5424.405923,1242.345947,1824.880156,1280.770672,4689.444246,4362.986733,6408.893043,6531.707061,953.3444926,3574.281081,1135.38529,1229.870435,788.3464567,1832.152829
Parcela 4,2261.49095,1919.286433,6136.914045,4862.05308,0,3902.94118,7660.226529,6180.116914,5840.770152,3638.300481,12066.4841,2331.283177,13145.78236,1789.552616,7134.515985,9541.754057,4335.457692,4230.745545,12426.32742,8503.700152,2717.850362,1925.386739,9797.618367,5872.420553,4279.939223,3645.066043,3138.294384,3174.670679,1993.997131,2075.742013,5065.203337,3269.358979,5809.759867,6061.968206,4984.745482,3201.554982
Parcela 5,5321.948549,5004.321919,3070.436878,7398.853374,3902.94118,0,10762.79923,3627.855177,3234.383828,6665.702431,14957.30254,5131.743769,15997.67349,2361.447026,10151.70627,12424.58516,5260.835899,5000.804064,15428.37625,10439.2325,2872.656487,3879.050576,12800.6172,8621.585896,5934.619596,6543.07416,2885.926068,3230.881768,2124.396527,2127.791462,7990.18216,4014.358265,8523.906541,8595.263842,7856.307206,6337.640067
Parcela 6,5547.897188,5899.097797,13576.99461,3497.727362,7660.226529,10762.79923,0,13764.63008,13402.06088,4132.608685,4428.339621,5667.078654,5512.434453,9338.85404,652.1836169,1988.001323,6300.877086,6554.683767,4766.398682,3685.529541,10376.98204,6886.902571,2143.123447,2275.22897,5292.132354,4227.050354,8159.15949,7841.337745,9489.735331,9600.765033,2774.205651,7063.442442,2392.787703,2567.223389,2914.297393,4519.229606
Parcela 7,8220.920602,7867.515159,920.6880266,10624.22322,6180.116914,3627.855177,13764.63008,0,396.1084419,9644.292501,18112.45106,8136.303204,19178.93385,4431.938003,13200.51437,15569.1948,8808.09665,8559.861174,18519.78163,13914.74754,3602.588845,7029.602137,15878.8516,11787.03278,9371.042515,9582.579682,6441.070784,6775.090526,4274.907329,4164.8809,11057.24164,7514.57172,11703.26781,11851.78481,10947.33891,9245.839687
Parcela 8,7855.745185,7503.288294,751.6986122,10244.26227,5840.770152,3234.383828,13402.06088,396.1084419,0,9277.760042,17741.63131,7764.847536,18806.62924,4079.292623,12834.16609,15197.9394,8412.58098,8164.076587,18153.75758,13522.72863,3311.750128,6647.834356,15512.4391,11411.74964,8979.46364,9212.20936,6045.086753,6379.293461,3914.926512,3807.888948,10687.37542,7119.925213,11327.04576,11471.00726,10575.82161,8882.831619
Parcela 9,1424.880063,1780.340435,9444.392177,1407.264706,3638.300481,6665.702431,4132.608685,9644.292501,9277.760042,0,8474.927607,1539.361175,9547.287079,5233.004463,3556.421599,5935.81644,3119.604455,3272.896078,8875.999861,5087.441904,6339.313135,2791.274845,6234.745301,2238.42108,2225.633275,256.954936,4252.368963,3977.998178,5372.755732,5487.183056,1430.189231,3301.11169,2182.496592,2483.761802,1346.7796,449.5145671
Parcela 10,9899.715334,10255.26395,17869.76822,7558.601155,12066.4841,14957.30254,4428.339621,18112.45106,17741.63131,8474.927607,0,9976.784223,1084.278977,13707.8853,4932.311229,2544.031099,10050.0719,10324.52506,725.0068385,5392.510708,14784.14972,11132.49825,2289.00385,6346.185601,9147.465238,8529.872445,12202.26697,11864.14629,13846.08234,13961.45619,7055.457933,11059.12986,6439.006278,6371.849727,7165.89202,8888.03255
Parcela 11,355.8622454,467.6174286,7912.690455,2560.055167,2331.283177,5131.743769,5667.078654,8136.303204,7764.847536,1539.361175,9976.784223,0,11042.64106,3758.563006,5079.697571,7433.153456,2558.323775,2583.80483,10396.28689,6172.651416,4935.009828,1275.321562,7755.096903,3659.48078,2121.976531,1448.438352,2873.1839,2651.198151,3880.105392,3999.282183,2923.729874,2138.753838,3581.678166,3781.445486,2811.085599,1214.465308
Parcela 12,10971.60444,11327.44808,18925.66089,8602.883716,13145.78236,15997.67349,5512.434453,19178.93385,18806.62924,9547.287079,1084.278977,11042.64106,0,14780.02968,6011.296714,3611.627585,11036.31463,11311.87325,1048.162743,6219.787228,15863.12906,12187.11726,3373.143769,7401.158707,10155.26251,9597.345231,13222.83631,12882.5736,14915.91062,15032.00072,8124.50566,12076.34109,7491.043302,7403.622723,8231.708888,9963.229964
Parcela 13,3808.430449,3452.676314,4348.691064,6302.052776,1789.552616,2361.447026,9338.85404,4431.938003,4079.292623,5233.004463,13707.8853,3758.563006,14780.02968,0,8783.852586,11168.4228,5027.065845,4838.007588,14099.73981,9788.48074,1314.906056,2804.751983,11460.76445,7416.427429,5310.508674,5189.257264,3030.113065,3248.689333,239.0684869,287.8235056,6656.844581,3737.95273,7339.999438,7530.359179,6555.654522,4824.114586
Parcela 14,4979.769878,5333.893502,12992.17132,2851.052032,7134.515985,10151.70627,652.1836169,13200.51437,12834.16609,3556.421599,4932.311229,5079.697571,6011.296714,8783.852586,0,2414.629004,5648.706797,5902.692558,5319.596316,3356.682023,9852.004479,6281.817542,2678.34921,1623.737776,4640.547852,3632.897924,7523.006561,7202.733423,8927.7924,9041.184822,2164.079893,6421.260552,1740.931901,1925.072088,2295.432327,3960.064523
Parcela 15,7360.008687,7715.884672,15326.77766,5027.282895,9541.754057,12424.58516,1988.001323,15569.1948,15197.9394,5935.81644,2544.031099,7433.153456,3611.627585,11168.4228,2414.629004,0,7603.663519,7874.787478,3014.928359,3499.462495,12257.73375,8590.586818,607.6906878,3805.962146,6666.224415,5986.760479,9694.057672,9359.375515,11304.53601,11420.47017,4513.150595,8557.474622,3901.203778,3862.318423,4622.1178,6353.34819
Parcela 16,2896.72897,2973.303841,8328.422194,2851.379607,4335.457692,5260.835899,6300.877086,8808.09665,8412.58098,3119.604455,10050.0719,2558.323775,11036.31463,5027.065845,5648.706797,7603.663519,0,276.3163138,10602.72711,5199.302119,6341.782379,2419.322944,8075.883741,4027.571635,1027.766742,2866.968261,2377.2144,2036.303059,5030.193507,5159.54731,3756.811132,1316.617484,3908.939186,3787.159264,3588.09483,3169.10333
Parcela 17,2931.539527,2975.2343,8070.007722,3090.09775,4230.745545,5000.804064,6554.683767,8559.861174,8164.076587,3272.896078,10324.52506,2583.80483,11311.87325,4838.007588,5902.692558,7874.787478,276.3163138,0,10875.46279,5469.875168,6152.668107,2305.679045,8344.122857,4279.893882,1266.556233,3024.452612,2121.799202,1784.787441,4831.590158,4960.332987,3981.41178,1103.640462,4161.926106,4051.320789,3813.385475,3288.890356
Parcela 18,10298.86144,10652.49653,18305.99332,8036.673118,12426.32742,15428.37625,4766.398682,18519.78163,18153.75758,8876.0,725.0068385,10396.28689,1048.162743,14099.73981,5319.596316,3014.928359,10602.72711,10875.46279,0,6063.853035,15142.52513,11579.44914,2641.511135,6806.962124,9677.15368,8948.05372,12708.85476,12374.30252,14246.28238,14358.97393,7473.725551,11572.31886,6905.952902,6877.107317,7594.103191,9275.994451
Parcela 19,6272.295697,6595.009428,13493.41374,3700.94693,8503.700152,10439.2325,3685.529541,13914.74754,13522.72863,5087.441904,5392.510708,6172.651416,6219.787228,9788.48074,3356.682023,3499.462495,5199.302119,5469.875168,6063.853035,0,11045.15039,6987.441775,4105.640029,3120.946808,4544.290421,4981.128408,7555.890862,7209.685475,9859.081874,9987.284913,3928.879033,6427.698821,3105.968968,2675.157776,3905.712503,5525.611873
Parcela 20,4932.677958,4578.70624,3772.708169,7494.96191,2717.850362,2872.656487,10376.98204,3602.588845,3311.750128,6339.313135,14784.14972,4935.009828,15863.12906,1314.906056,9852.004479,12257.73375,6341.782379,6152.668107,15142.52513,11045.15039,0,4086.021225,12515.2307,8561.138165,6602.095332,6326.05673,4300.264546,4539.51823,1343.443451,1222.102536,7769.331442,5051.972171,8492.499838,8715.122711,7681.695134,5909.519715
Parcela 21,1528.673633,1288.156262,6738.566236,3598.333931,1925.386739,3879.050576,6886.902571,7029.602137,6647.834356,2791.274845,11132.49825,1275.321562,12187.11726,2804.751983,6281.817542,8590.586818,2419.322944,2305.679045,11579.44914,6987.441775,4086.021225,0,8943.465729,4786.624787,2517.846538,2664.056085,1702.694824,1562.208493,2872.044408,2999.99436,4117.894553,1384.356161,4696.131206,4823.467745,3989.009793,2489.476882
Parcela 22,7658.033444,8011.972275,15665.79974,5424.405923,9797.618367,12800.6172,2143.123447,15878.8516,15512.4391,6234.745301,2289.00385,7755.096903,3373.143769,11460.76445,2678.34921,607.6906878,8075.883741,8344.122857,2641.511135,4105.640029,12515.2307,8943.465729,0,4186.222936,7117.151714,6307.02201,10110.87826,9780.669412,11605.88216,11718.98953,4833.280301,8983.834311,4289.457477,4302.304192,4955.612303,6636.65348
Parcela 23,3628.540533,3983.156729,11524.82244,1242.345947,5872.420553,8621.585896,2275.22897,11787.03278,11411.74964,2238.42108,6346.185601,3659.48078,7401.158707,7416.427429,1623.737776,3805.962146,4027.571635,4279.893882,6806.962124,3120.946808,8561.138165,4786.624787,4186.222936,0,3016.906321,2235.23769,5931.5236,5605.329256,7539.44696,7658.761899,856.6293529,4815.671833,120.7834781,545.1345323,896.3229419,2684.002078
Parcela 24,2397.350924,2586.949828,8967.3155,1824.880156,4279.939223,5934.619596,5292.132354,9371.042515,8979.46364,2225.633275,9147.465238,2121.976531,10155.26251,5310.508674,4640.547852,6666.224415,1027.766742,1266.556233,9677.15368,4544.290421,6602.095332,2517.846538,7117.151714,3016.906321,0,1968.719396,3083.783339,2738.960525,5358.66065,5488.271358,2730.918746,1933.746938,2899.719088,2815.013009,2561.988776,2369.590659
Parcela 25,1393.378945,1747.955561,9359.469804,1280.770672,3645.066043,6543.07416,4227.050354,9582.579682,9212.20936,256.954936,8529.872445,1448.438352,9597.345231,5189.257264,3632.897924,5986.760479,2866.968261,3024.452612,8948.05372,4981.128408,6326.05673,2664.056085,6307.02201,2235.23769,1968.719396,0,4069.58654,3786.188118,5319.578149,5436.758881,1475.391721,3090.164966,2167.249335,2426.200877,1366.741586,563.3353004
Parcela 26,3179.679444,2980.11101,5951.472876,4689.444246,3138.294384,2885.926068,8159.15949,6441.070784,6045.086753,4252.368963,12202.26697,2873.1839,13222.83631,3030.113065,7523.006561,9694.057672,2377.2144,2121.799202,12708.85476,7555.890862,4300.264546,1702.694824,10110.87826,5931.5236,3083.783339,4069.58654,0,346.9341509,2958.36893,3078.171282,5407.522085,1150.195663,5824.567461,5833.514663,5256.084191,4038.462747
Parcela 27,2973.267222,2803.21158,6294.481975,4362.986733,3174.670679,3230.881768,7841.337745,6775.090526,6379.293461,3977.998178,11864.14629,2651.198151,12882.5736,3248.689333,7202.733423,9359.375515,2036.303059,1784.787441,12374.30252,7209.685475,4539.51823,1562.208493,9780.669412,5605.329256,2738.960525,3786.188118,346.9341509,0,3196.352402,3319.814308,5098.513116,806.6609448,5497.250133,5497.694668,4944.875748,3786.680899
Parcela 28,3948.222045,3593.91475,4157.08274,6408.893043,1993.997131,2124.396527,9489.735331,4274.907329,3914.926512,5372.755732,13846.08234,3880.105392,14915.91062,239.0684869,8927.7924,11304.53601,5030.193507,4831.590158,14246.28238,9859.081874,1343.443451,2872.044408,11605.88216,7539.44696,5358.66065,5319.578149,2958.36893,3196.352402,0,130.0488163,6791.416718,3728.277728,7460.461567,7638.525337,6686.229,4971.161944
Parcela 29,4062.357412,3707.490994,4064.83446,6531.707061,2075.742013,2127.791462,9600.765033,4164.8809,3807.888948,5487.183056,13961.45619,3999.282183,15032.00072,287.8235056,9041.184822,11420.47017,5159.54731,4960.332987,14358.97393,9987.284913,1222.102536,2999.99436,11718.98953,7658.761899,5488.271358,5436.758881,3078.171282,3319.814308,130.0488163,0,6907.562719,3856.913913,7580.394933,7761.169027,6803.497241,5083.146496
Parcela 30,2849.580764,3205.787642,10832.52434,953.3444926,5065.203337,7990.18216,2774.205651,11057.24164,10687.37542,1430.189231,7055.457933,2923.729874,8124.50566,6656.844581,2164.079893,4513.150595,3756.811132,3981.41178,7473.725551,3928.879033,7769.331442,4117.894553,4833.280301,856.6293529,2730.918746,1475.391721,5407.522085,5098.513116,6791.416718,6907.562719,0,4340.138829,836.399733,1256.84378,169.1926819,1863.96997
Parcela 31,2488.239088,2402.372899,7066.128139,3574.281081,3269.358979,4014.358265,7063.442442,7514.57172,7119.925213,3301.11169,11059.12986,2138.753838,12076.34109,3737.95273,6421.260552,8557.474622,1316.617484,1103.640462,11572.31886,6427.698821,5051.972171,1384.356161,8983.834311,4815.671833,1933.746938,3090.164966,1150.195663,806.6609448,3728.277728,3856.913913,4340.138829,0,4705.959705,4695.216761,4182.635623,3166.304877
Parcela 32,3560.192837,3913.794744,11434.69687,1135.38529,5809.759867,8523.906541,2392.787703,11703.26781,11327.04576,2182.496592,6439.006278,3581.678166,7491.043302,7339.999438,1740.931901,3901.203778,3908.939186,4161.926106,6905.952902,3105.968968,8492.499838,4696.131206,4289.457477,120.7834781,2899.719088,2167.249335,5824.567461,5497.250133,7460.461567,7580.394933,836.399733,4705.959705,0,475.8801371,853.5011753,2630.272706
Parcela 33,3800.751331,4147.704414,11548.80525,1229.870435,6061.968206,8595.263842,2567.223389,11851.78481,11471.00726,2483.761802,6371.849727,3781.445486,7403.622723,7530.359179,1925.072088,3862.318423,3787.159264,4051.320789,6877.107317,2675.157776,8715.122711,4823.467745,4302.304192,545.1345323,2815.013009,2426.200877,5833.514663,5497.694668,7638.525337,7761.169027,1256.84378,4695.216761,475.8801371,0,1231.571157,2932.550069
Parcela 34,2753.343362,3109.336803,10712.46438,788.3464567,4984.745482,7856.307206,2914.297393,10947.33891,10575.82161,1346.7796,7165.89202,2811.085599,8231.708888,6555.654522,2295.432327,4622.1178,3588.09483,3813.385475,7594.103191,3905.712503,7681.695134,3989.009793,4955.612303,896.3229419,2561.988776,1366.741586,5256.084191,4944.875748,6686.229,6803.497241,169.1926819,4182.635623,853.5011753,1231.571157,0,1789.714396
Parcela 35,1032.874204,1380.513623,9067.824847,1832.152829,3201.554982,6337.640067,4519.229606,9245.839687,8882.831619,449.5145671,8888.03255,1214.465308,9963.229964,4824.114586,3960.064523,6353.34819,3169.10333,3288.890356,9275.994451,5525.611873,5909.519715,2489.476882,6636.65348,2684.002078,2369.590659,563.3353004,4038.462747,3786.680899,4971.161944,5083.146496,1863.96997,3166.304877,2630.272706,2932.550069,1789.714396,0
